P0: 7.215377000000e+02 0.000000000000e+00 6.095593000000e+02 0.000000000000e+00 0.000000000000e+00 7.215377000000e+02 1.728540000000e+02 0.000000000000e+00 0.000000000000e+00 0.000000000000e+00 1.000000000000e+00 0.000000000000e+00
P1: 7.215377000000e+02 0.000000000000e+00 6.095593000000e+02 -3.875744000000e+02 0.000000000000e+00 7.215377000000e+02 1.728540000000e+02 0.000000000000e+00 0.000000000000e+00 0.000000000000e+00 1.000000000000e+00 0.000000000000e+00
P2: 1162.627182 0.000000 578.103679 0.000000 0.000000 1162.123554 384.656417 0.000000 0.000000 0.000000 1.000000 0.000000
P3: 7.215377000000e+02 0.000000000000e+00 6.095593000000e+02 -3.395242000000e+02 0.000000000000e+00 7.215377000000e+02 1.728540000000e+02 2.199936000000e+00 0.000000000000e+00 0.000000000000e+00 1.000000000000e+00 2.729905000000e-03
R0_rect: 1.000000000000e+00 0.000000000000e+00 0.000000000000e+00 0.000000000000e+00 1.000000000000e+00 0.000000000000e+00 0.000000000000e+00 0.000000000000e+00 1.000000000000e+00
Tr_velo_to_cam: 0.0403155 -0.999054 0.0163021 0.241077 0.0605189 -0.0138439 -0.998071 -0.155747 0.997353 0.0412243 0.0599035 0.00287744
Tr_imu_to_velo: 1.000000000000e+00 0.000000000000e+00 0.000000000000e+00 6.000000000000e-02 0.000000000000e+00 1.000000000000e+00 0.000000000000e+00 2.500000000000e-03 0.000000000000e+00 0.000000000000e+00 1.000000000000e+00 9.527000000000e-01 
