P0: 7.215377000000e+02 0.000000000000e+00 6.095593000000e+02 0.000000000000e+00 0.000000000000e+00 7.215377000000e+02 1.728540000000e+02 0.000000000000e+00 0.000000000000e+00 0.000000000000e+00 1.000000000000e+00 0.000000000000e+00
P1: 7.215377000000e+02 0.000000000000e+00 6.095593000000e+02 -3.875744000000e+02 0.000000000000e+00 7.215377000000e+02 1.728540000000e+02 0.000000000000e+00 0.000000000000e+00 0.000000000000e+00 1.000000000000e+00 0.000000000000e+00
P2: 1795.058350 0.000000 1095.930588 0.000000 0.000000 1887.830200 635.085100 0.000000000000e+00 0.000000000000e+00 0.000000000000e+00 1.000000000000e+00 0.000000000000e+00
P3: 7.215377000000e+02 0.000000000000e+00 6.095593000000e+02 -3.395242000000e+02 0.000000000000e+00 7.215377000000e+02 1.728540000000e+02 2.199936000000e+00 0.000000000000e+00 0.000000000000e+00 1.000000000000e+00 2.729905000000e-03
R0_rect: 1.000000000000e+00 0.000000000000e+00 0.000000000000e+00 0.000000000000e+00 1.000000000000e+00 0.000000000000e+00 0.000000000000e+00 0.000000000000e+00 1.000000000000e+00
Tr_velo_to_cam: 
-6.12323400e-17 -1.00000000e+00 0.00000000e+00 -9.16000009e-02 -4.36000004e-02 2.66973005e-18 -9.99000013e-01 -5.27000017e-02 9.99000013e-01 -6.11711084e-17 -4.36000004e-02 -8.25000033e-02
Tr_imu_to_velo: 1.000000000000e+00 0.000000000000e+00 0.000000000000e+00 6.000000000000e-02 0.000000000000e+00 1.000000000000e+00 0.000000000000e+00 2.500000000000e-03 0.000000000000e+00 0.000000000000e+00 1.000000000000e+00 9.527000000000e-01 
